Номер эпохи 0	Y = ( 1 1 1 0 0 0 0 0 0 0 0 1 1 0 0 0 ),
W = ( 0.200365 0.104937 0.134032 -0.3 -4.22017e+037 ),	E = 8
Номер эпохи 1	Y = ( 0 0 0 0 0 0 0 0 0 0 0 1 1 1 0 0 ),
W = ( 0.485428 0.294573 0.203795 -0.3 -4.22017e+037 ),	E = 4
Номер эпохи 2	Y = ( 0 1 0 0 0 0 0 0 0 0 0 0 0 1 0 0 ),
W = ( 0.675065 0.484209 0.273558 -0.3 -4.22017e+037 ),	E = 3
Номер эпохи 3	Y = ( 0 1 0 0 0 1 0 0 0 0 0 1 0 1 0 0 ),
W = ( 0.590365 0.563481 0.302721 -0.6 -4.22017e+037 ),	E = 3
Номер эпохи 4	Y = ( 0 0 0 0 0 1 0 0 0 1 0 0 0 1 0 0 ),
W = ( 0.590365 0.563481 0.302721 -0.6 -4.22017e+037 ),	E = 0
